0.0 0.0 0.2 0.0
0.0 0.2 0.0 0.0
0.0 0.2 0.2 0.0
0.2 0.0 0.0 0.0
0.2 0.2 0.0 0.0
0.2 0.2 0.2 0.0
0.91 0.91 0.91 1.0
0.89 0.89 0.89 0.9
0.0 0.4 0.0 0.0
0.0 0.4 0.4 0.0
0.79 0.79 0.79 0.9
0.78 0.78 0.78 0.9
0.77 0.77 0.77 0.9
0.76 0.76 0.76 0.9
1.0 0.0 1.0 0.0
1.0 1.0 0.0 0.0
0.9 0.9 0.9 1.0
0.8 0.8 0.8 0.9
0.7 0.7 0.7 0.9
0.2 0.0 0.2 0.0
0.1 0.0 0.1 0.0
0.1 0.1 0.0 0.0
0.94 0.94 0.94 1.0
0.93 0.93 0.93 1.0
0.85 0.85 0.85 0.9
0.0 0.1 0.1 0.0
0.1 0.0 0.0 0.0
0.0 0.0 0.0 0.0
1.0 1.0 1.0 1.0
0.99 0.99 0.99 1.0
0.98 0.98 0.98 1.0
0.87 0.87 0.87 0.9
0.86 0.86 0.86 0.9
0.3 0.3 0.0 0.0
0.3 0.3 0.3 0.0
0.0 0.0 0.4 0.0
0.9 0.0 0.0 0.0
0.9 0.0 0.9 0.0
0.9 0.9 0.0 0.0
0.4 0.4 0.0 0.0
0.4 0.4 0.4 0.0
1.0 0.0 0.0 0.0
0.1 0.1 0.1 0.0
0.0 0.0 0.1 0.0
0.73 0.73 0.73 0.9
0.72 0.72 0.72 0.9
0.71 0.71 0.71 0.9
0.8 0.8 0.0 0.0
0.8 0.0 0.0 0.0
0.0 0.0 0.7 0.0
0.0 0.7 0.0 0.0
0.0 0.7 0.7 0.0
0.7 0.0 0.0 0.0
0.7 0.0 0.7 0.0
0.0 0.0 0.8 0.0
0.0 0.8 0.0 0.0
0.0 0.8 0.8 0.0
0.8 0.0 0.8 0.0
0.0 0.5 0.0 0.0
0.0 0.5 0.5 0.0
0.74 0.74 0.74 0.9
0.5 0.0 0.0 0.0
0.5 0.0 0.5 0.0
0.5 0.5 0.0 0.0
0.0 0.0 0.3 0.0
0.0 0.3 0.0 0.0
0.0 0.3 0.3 0.0
0.3 0.0 0.0 0.0
0.3 0.0 0.3 0.0
0.97 0.97 0.97 1.0
0.96 0.96 0.96 1.0
0.88 0.88 0.88 0.9
0.75 0.75 0.75 0.9
0.4 0.0 0.0 0.0
0.4 0.0 0.4 0.0
0.92 0.92 0.92 1.0
0.0 0.1 0.0 0.0
0.95 0.95 0.95 1.0
0.6 0.6 0.6 0.6
0.0 0.0 0.9 0.0
0.0 0.9 0.0 0.0
0.0 0.9 0.9 0.0
0.84 0.84 0.84 0.9
0.83 0.83 0.83 0.9
0.82 0.82 0.82 0.9
0.81 0.81 0.81 0.9
0.0 0.6 0.6 0.0
0.6 0.0 0.0 0.0
0.6 0.0 0.6 0.0
0.7 0.7 0.0 0.0
0.0 0.0 0.6 0.0
0.0 0.6 0.0 0.0
0.0 0.0 1.0 0.0
0.0 1.0 0.0 0.0
0.0 1.0 1.0 0.0
0.6 0.6 0.0 0.0
0.0 0.0 0.5 0.0